log R=   -8.0   -7.5   -7.0   -6.5   -6.0   -5.5   -5.0   -4.5   -4.0   -3.5   -3.0   -2.5   -2.0   -1.5   -1.0   -0.5    0.0    0.5    1.0    1.5
  log T
  3.764 -0.671 -0.795 -0.915 -1.097 -1.361 -1.465 -1.720 -1.844 -1.991 -2.046 -1.979  9.999  9.999  9.999  9.999  9.999  9.999  9.999  9.999  9.999
  3.843 -0.541 -0.537 -0.537 -0.547 -0.578 -0.624 -0.687 -0.772 -0.790 -0.799 -0.738 -0.647 -0.484 -0.328  9.999  9.999  9.999  9.999  9.999  9.999
  3.968 -0.525 -0.517 -0.498 -0.459 -0.377 -0.225  0.013  0.312  0.619  0.882  1.039  1.171  1.299  1.376  1.481  1.602  1.724  9.999  9.999  9.999
  4.065 -0.501 -0.499 -0.495 -0.482 -0.439 -0.328 -0.116  0.208  0.620  1.065  1.487  1.827  2.068  2.257  2.425  2.519  2.642  2.773  2.892  9.999
  4.162 -0.491 -0.485 -0.477 -0.460 -0.419 -0.326 -0.153  0.114  0.474  0.911  1.393  1.881  2.329  2.693  2.974  3.202  3.329  3.463  3.613  3.719
  4.241 -0.484 -0.475 -0.462 -0.442 -0.403 -0.323 -0.170  0.082  0.435  0.862  1.325  1.813  2.310  2.786  3.195  3.507  3.730  3.920  4.101  4.216
  4.366 -0.461 -0.455 -0.440 -0.410 -0.365 -0.292 -0.162  0.063  0.408  0.850  1.341  1.847  2.352  2.849  3.332  3.781  4.163  4.466  4.713  4.923
  4.463 -0.429 -0.421 -0.405 -0.375 -0.321 -0.235 -0.101  0.113  0.443  0.886  1.399  1.936  2.461  2.970  3.480  3.971  4.420  4.810  5.117  5.312
  4.542 -0.419 -0.410 -0.394 -0.361 -0.293 -0.173 -0.001  0.234  0.567  1.000  1.504  2.034  2.564  3.090  3.612  4.120  4.585  4.983  5.287  5.545
  4.609 -0.418 -0.407 -0.389 -0.356 -0.291 -0.166  0.044  0.346  0.722  1.154  1.637  2.147  2.661  3.175  3.693  4.201  4.668  5.062  5.362  5.606
  4.667 -0.417 -0.407 -0.391 -0.361 -0.299 -0.179  0.031  0.350  0.766  1.243  1.740  2.235  2.724  3.216  3.718  4.207  4.665  5.050  5.348  5.596
  4.764 -0.418 -0.408 -0.392 -0.365 -0.314 -0.211 -0.024  0.281  0.694  1.171  1.680  2.198  2.702  3.179  3.649  4.105  4.517  4.872  5.168  9.999
  4.843 -0.419 -0.407 -0.389 -0.363 -0.316 -0.224 -0.054  0.227  0.615  1.072  1.566  2.074  2.586  3.079  3.550  3.995  4.394  4.743  5.035  9.999
  4.968 -0.389 -0.380 -0.365 -0.339 -0.289 -0.203 -0.052  0.196  0.550  0.986  1.464  1.967  2.470  2.962  3.449  3.908  4.303  4.627  9.999  9.999
  5.065 -0.344 -0.331 -0.311 -0.283 -0.235 -0.146  0.009  0.256  0.595  1.003  1.460  1.954  2.445  2.932  3.415  3.851  4.228  4.500  4.682  9.999
  5.162 -0.289 -0.259 -0.226 -0.185 -0.126 -0.022  0.143  0.391  0.713  1.086  1.512  1.991  2.460  2.916  3.337  3.712  4.030  4.268  4.438  9.999
  5.241 -0.300 -0.260 -0.213 -0.141 -0.052  0.069  0.244  0.500  0.807  1.159  1.559  2.002  2.437  2.845  3.206  3.524  3.807  4.029  4.198  9.999
  5.366 -0.400 -0.366 -0.315 -0.240 -0.132  0.013  0.210  0.476  0.790  1.134  1.516  1.921  2.300  2.639  2.921  3.170  3.413  3.643  3.840  9.999
  5.463 -0.449 -0.433 -0.405 -0.358 -0.280 -0.152  0.041  0.307  0.639  0.996  1.402  1.797  2.144  2.442  2.698  2.932  3.165  3.406  3.611  9.999
  5.542 -0.465 -0.458 -0.445 -0.419 -0.366 -0.271 -0.110  0.141  0.486  0.883  1.307  1.693  2.023  2.300  2.538  2.766  2.991  3.227  3.447  9.999
  5.667 -0.471 -0.469 -0.463 -0.453 -0.431 -0.385 -0.287 -0.080  0.269  0.709  1.158  1.552  1.865  2.115  2.333  2.549  2.775  3.011  3.246  9.999
  5.764 -0.474 -0.471 -0.467 -0.460 -0.445 -0.414 -0.350 -0.208  0.074  0.513  0.997  1.414  1.730  1.984  2.213  2.434  2.658  2.890  9.999  9.999
  5.843 -0.474 -0.472 -0.469 -0.462 -0.449 -0.425 -0.374 -0.263 -0.043  0.355  0.834  1.263  1.611  1.889  2.132  2.365  2.576  2.796  9.999  9.999
  5.968 -0.473 -0.471 -0.467 -0.461 -0.451 -0.431 -0.389 -0.300 -0.122  0.180  0.590  1.048  1.446  1.755  2.026  2.256  2.482  2.672  9.999  9.999
  6.065 -0.474 -0.469 -0.463 -0.456 -0.444 -0.424 -0.387 -0.310 -0.152  0.113  0.487  0.928  1.335  1.679  1.970  2.199  2.409  9.999  9.999  9.999
  6.162 -0.478 -0.475 -0.468 -0.456 -0.437 -0.411 -0.370 -0.300 -0.164  0.083  0.445  0.868  1.273  1.637  1.914  2.122  2.273  9.999  9.999  9.999
  6.241 -0.481 -0.479 -0.475 -0.467 -0.449 -0.418 -0.364 -0.280 -0.149  0.075  0.416  0.830  1.239  1.584  1.832  2.007  2.133  9.999  9.999  9.999
  6.366 -0.483 -0.482 -0.481 -0.478 -0.470 -0.452 -0.405 -0.305 -0.138  0.096  0.415  0.778  1.137  1.419  1.625  1.772  9.999  9.999  9.999  9.999
  6.463 -0.484 -0.483 -0.483 -0.481 -0.476 -0.466 -0.437 -0.366 -0.197  0.056  0.376  0.703  0.999  1.239  1.434  1.562  9.999  9.999  9.999  9.999
  6.542 -0.485 -0.485 -0.484 -0.483 -0.479 -0.472 -0.451 -0.399 -0.273 -0.038  0.272  0.587  0.864  1.071  1.249  1.404  9.999  9.999  9.999  9.999
  6.667 -0.486 -0.486 -0.486 -0.485 -0.483 -0.478 -0.465 -0.433 -0.355 -0.184  0.065  0.351  0.598  0.805  0.972  9.999  9.999  9.999  9.999  9.999
  6.764 -0.487 -0.487 -0.487 -0.486 -0.485 -0.481 -0.472 -0.450 -0.394 -0.273 -0.071  0.178  0.412  0.611  0.787  9.999  9.999  9.999  9.999  9.999
  6.843 -0.488 -0.488 -0.487 -0.487 -0.486 -0.483 -0.476 -0.459 -0.416 -0.324 -0.160  0.055  0.271  0.462  0.662  0.897  9.999  9.999  9.999  9.999
  6.968 -0.489 -0.489 -0.488 -0.488 -0.486 -0.483 -0.477 -0.465 -0.437 -0.375 -0.261 -0.099  0.086  0.291  0.501  9.999  9.999  9.999  9.999  9.999
  7.065 -0.490 -0.490 -0.490 -0.489 -0.488 -0.485 -0.478 -0.464 -0.439 -0.389 -0.298 -0.160  0.010  0.220  0.417  9.999  9.999  9.999  9.999  9.999
  7.162 -0.491 -0.491 -0.491 -0.491 -0.490 -0.487 -0.481 -0.468 -0.440 -0.391 -0.309 -0.186 -0.027  0.140  0.330  9.999  9.999  9.999  9.999  9.999
  7.241 -0.492 -0.492 -0.492 -0.492 -0.491 -0.489 -0.485 -0.474 -0.447 -0.397 -0.317 -0.206 -0.071  0.078  0.259  9.999  9.999  9.999  9.999  9.999
  7.366 -0.493 -0.493 -0.493 -0.493 -0.493 -0.492 -0.489 -0.482 -0.464 -0.427 -0.357 -0.256 -0.149 -0.018  9.999  9.999  9.999  9.999  9.999  9.999
  7.463 -0.500 -0.500 -0.500 -0.500 -0.500 -0.499 -0.497 -0.492 -0.479 -0.450 -0.395 -0.310 -0.216 -0.100  9.999  9.999  9.999  9.999  9.999  9.999
  7.542 -0.506 -0.506 -0.506 -0.506 -0.505 -0.505 -0.504 -0.500 -0.490 -0.467 -0.422 -0.355 -0.265 -0.153  9.999  9.999  9.999  9.999  9.999  9.999
  7.667 -0.515 -0.515 -0.515 -0.515 -0.514 -0.514 -0.513 -0.511 -0.504 -0.488 -0.457 -0.404 -0.325 -0.213 -0.042  9.999  9.999  9.999  9.999  9.999
  7.764 -0.526 -0.526 -0.526 -0.526 -0.526 -0.526 -0.525 -0.523 -0.517 -0.505 -0.480 -0.436 -0.369 -0.252 -0.096  9.999  9.999  9.999  9.999  9.999
  7.843 -0.535 -0.535 -0.535 -0.535 -0.535 -0.535 -0.534 -0.533 -0.528 -0.518 -0.496 -0.457 -0.393 -0.287 -0.145  9.999  9.999  9.999  9.999  9.999
  7.968 -0.556 -0.556 -0.556 -0.556 -0.556 -0.556 -0.555 -0.554 -0.551 -0.542 -0.525 -0.492 -0.434 -0.334 -0.220  9.999  9.999  9.999  9.999  9.999
  8.065 -0.575 -0.575 -0.575 -0.575 -0.575 -0.575 -0.575 -0.574 -0.571 -0.564 -0.550 -0.519 -0.465 -0.374 -0.290  9.999  9.999  9.999  9.999  9.999
  8.241 -0.619 -0.619 -0.619 -0.619 -0.619 -0.618 -0.618 -0.617 -0.615 -0.610 -0.598 -0.574 -0.525 -0.457 -0.409  9.999  9.999  9.999  9.999  9.999
  8.463 -0.694 -0.694 -0.694 -0.694 -0.694 -0.694 -0.693 -0.693 -0.691 -0.687 -0.678 -0.657 -0.618 -0.575 -0.539  9.999  9.999  9.999  9.999  9.999
  8.667 -0.782 -0.782 -0.782 -0.782 -0.782 -0.782 -0.782 -0.781 -0.780 -0.777 -0.768 -0.749 -0.718 -0.687 -0.650  9.999  9.999  9.999  9.999  9.999
  8.843 -0.870 -0.870 -0.870 -0.870 -0.870 -0.870 -0.870 -0.869 -0.868 -0.865 -0.856 -0.837 -0.809 -0.781 -0.747  9.999  9.999  9.999  9.999  9.999
  9.065 -0.998 -0.998 -0.998 -0.998 -0.998 -0.998 -0.998 -0.998 -0.996 -0.992 -0.981 -0.960 -0.934 -0.909 -0.891  9.999  9.999  9.999  9.999  9.999